band inj_mag n_realizations n_requested_per_realization mean_valid_recovered std_valid_recovered mean_det_eff std_det_eff
F090W 26.0 20 100 96.1 1.6189665319514628 0.9610000000000001 0.016189665319514636
F090W 26.1 20 100 96.6 1.429022485182754 0.966 0.014290224851827555
F090W 26.200000000000003 20 100 96.95 2.0384462607326044 0.9695 0.02038446260732603
F090W 26.300000000000004 20 100 97.05 1.356271980175999 0.9705 0.013562719801760006
F090W 26.400000000000006 20 100 96.85 1.3088765773505315 0.9684999999999999 0.013088765773505326
F090W 26.500000000000007 20 100 96.6 2.2337129816094383 0.966 0.02233712981609438
F090W 26.60000000000001 20 100 97.15 1.785172850248165 0.9715 0.017851728502481668
F090W 26.70000000000001 20 100 96.4 1.6982963599783722 0.9640000000000001 0.016982963599783726
F090W 26.80000000000001 20 100 96.75 1.9159991209755154 0.9674999999999999 0.019159991209755155
F090W 26.900000000000013 20 100 96.2 1.3218806379747876 0.9620000000000001 0.013218806379747889
F090W 27.000000000000014 20 100 96.55 1.731290969494334 0.9654999999999999 0.017312909694943344
F090W 27.100000000000016 20 100 96.2 1.880649383926509 0.962 0.01880649383926508
F090W 27.200000000000017 20 100 96.8 1.5761378513048245 0.968 0.01576137851304826
F090W 27.30000000000002 20 100 95.95 2.1878853044122666 0.9595000000000002 0.02187885304412265
F090W 27.40000000000002 20 100 95.8 2.483630619200766 0.958 0.024836306192007652
F090W 27.50000000000002 20 100 96.2 1.880649383926509 0.962 0.018806493839265095
F090W 27.600000000000023 20 100 95.6 2.643761275949575 0.9560000000000001 0.026437612759495736
F090W 27.700000000000024 20 100 95.3 2.494203807145468 0.9530000000000001 0.024942038071454665
F090W 27.800000000000026 20 100 95.55 1.6375527311718607 0.9555 0.016375527311718593
F090W 27.900000000000027 20 100 94.65 2.1343062474478063 0.9464999999999998 0.021343062474478043
F090W 28.00000000000003 20 100 94.05 2.394621165511528 0.9405000000000001 0.02394621165511525
F090W 28.10000000000003 20 100 93.45 2.0124611797498106 0.9344999999999999 0.02012461179749808
F090W 28.20000000000003 20 100 92.85 2.739093203771527 0.9285 0.027390932037715247
F090W 28.300000000000033 20 100 92.2 2.627786741327145 0.9220000000000003 0.026277867413271424
F090W 28.400000000000034 20 100 92.3 2.0799797569865155 0.923 0.02079979756986513
F090W 28.500000000000036 20 100 90.35 4.132986686086518 0.9035 0.041329866860865185
F090W 28.600000000000037 20 100 90.25 3.781882015471578 0.9025000000000001 0.03781882015471579
F090W 28.70000000000004 20 100 88.65 2.277463963548745 0.8865000000000001 0.022774639635487468
F090W 28.80000000000004 20 100 86.8 3.7219123550867454 0.868 0.037219123550867456
F090W 28.90000000000004 20 100 84.45 3.663116303454148 0.8445 0.03663116303454147
F090W 29.000000000000043 20 100 84.65 2.777257261172764 0.8465000000000001 0.02777257261172763
F090W 29.100000000000044 20 100 81.5 4.019688388027374 0.8150000000000001 0.04019688388027372
F090W 29.200000000000045 20 100 80.55 3.9132030224276435 0.8055 0.03913203022427642
F090W 29.300000000000047 20 100 77.75 4.1023100039393725 0.7775000000000001 0.04102310003939373
F090W 29.40000000000005 20 100 75.0 4.633970674327397 0.75 0.04633970674327397
F090W 29.50000000000005 20 100 69.1 4.423620807961684 0.6910000000000001 0.04423620807961683
F090W 29.60000000000005 20 100 66.55 3.7763112048385885 0.6655 0.03776311204838588
F090W 29.700000000000053 20 100 63.1 3.5673962198603175 0.631 0.03567396219860318
F090W 29.800000000000054 20 100 58.9 4.700503892361462 0.5890000000000001 0.04700503892361462
F090W 29.900000000000055 20 100 53.35 4.107438694804701 0.5335000000000002 0.041074386948047006
F090W 30.000000000000057 20 100 49.1 4.411706913966162 0.49099999999999994 0.04411706913966163
F090W 30.10000000000006 20 100 42.95 3.720144309594794 0.4295 0.03720144309594794
F090W 30.20000000000006 20 100 41.9 4.447352849552311 0.41899999999999993 0.04447352849552309
F090W 30.30000000000006 20 100 36.05 5.452908446537113 0.3605 0.05452908446537113
F090W 30.400000000000063 20 100 30.35 4.2460507967311285 0.3035 0.04246050796731128
F090W 30.500000000000064 20 100 26.6 4.005259699839437 0.26599999999999996 0.04005259699839437
F090W 30.600000000000065 20 100 23.8 4.162489133856529 0.23800000000000004 0.04162489133856529
F090W 30.700000000000067 20 100 18.55 3.347819400272677 0.18550000000000003 0.033478194002726766
F090W 30.800000000000068 20 100 16.75 3.781882015471578 0.1675 0.037818820154715785
F090W 30.90000000000007 20 100 12.75 3.522484171269206 0.1275 0.035224841712692065
F090W 31.00000000000007 20 100 12.2 2.930780388260186 0.12200000000000003 0.02930780388260186
F090W 31.100000000000072 20 100 10.5 2.5026301953618404 0.10500000000000001 0.025026301953618404
F090W 31.200000000000074 20 100 7.7 2.9217874846167637 0.07700000000000001 0.02921787484616764
F090W 31.300000000000075 20 100 7.9 2.95403381657585 0.07900000000000001 0.029540338165758503
F090W 31.400000000000077 20 100 6.25 2.572629210094525 0.06250000000000001 0.02572629210094525
F090W 31.500000000000078 20 100 4.8 1.9358120830939742 0.048 0.01935812083093974
F090W 31.60000000000008 20 100 4.7 2.6177531547010635 0.04700000000000001 0.026177531547010635
F090W 31.70000000000008 20 100 4.6 2.5422741580594415 0.046000000000000006 0.025422741580594415
F090W 31.800000000000082 20 100 3.6 1.353358395757909 0.036000000000000004 0.01353358395757909
F090W 31.900000000000084 20 100 3.35 1.6944180805158293 0.03350000000000001 0.016944180805158294
F090W 32.000000000000085 20 100 2.9 1.5183093090324964 0.029000000000000005 0.015183093090324964
F115W 26.0 20 100 96.2 2.2384204957490614 0.962 0.022384204957490602
F115W 26.1 20 100 97.0 1.9194297398747862 0.9700000000000001 0.01919429739874788
F115W 26.200000000000003 20 100 97.1 1.5861240410775603 0.9709999999999999 0.015861240410775617
F115W 26.300000000000004 20 100 96.8 1.673320053068151 0.9679999999999997 0.016733200530681513
F115W 26.400000000000006 20 100 97.05 1.848897253129978 0.9705 0.018488972531299785
F115W 26.500000000000007 20 100 96.6 1.6670175069329811 0.9659999999999999 0.01667017506932981
F115W 26.60000000000001 20 100 96.45 2.3277502126799554 0.9644999999999999 0.02327750212679955
F115W 26.70000000000001 20 100 96.75 1.4823523268955432 0.9675 0.01482352326895543
F115W 26.80000000000001 20 100 97.45 1.9049796241485242 0.9744999999999997 0.01904979624148526
F115W 26.900000000000013 20 100 96.5 2.6457513110645907 0.9650000000000001 0.026457513110645904
F115W 27.000000000000014 20 100 95.85 2.1095023109728985 0.9585000000000001 0.021095023109728977
F115W 27.100000000000016 20 100 96.6 1.635140425323255 0.966 0.016351404253232553
F115W 27.200000000000017 20 100 95.5 1.7621756887140216 0.9549999999999998 0.01762175688714021
F115W 27.30000000000002 20 100 96.1 1.8890264827766652 0.9610000000000001 0.018890264827766658
F115W 27.40000000000002 20 100 96.3 2.3192557789991715 0.9629999999999999 0.023192557789991717
F115W 27.50000000000002 20 100 96.5 1.7917941611104424 0.9650000000000001 0.017917941611104427
F115W 27.600000000000023 20 100 95.5 1.8496087779795347 0.9550000000000001 0.018496087779795334
F115W 27.700000000000024 20 100 96.15 1.4964871146156007 0.9615 0.01496487114615602
F115W 27.800000000000026 20 100 95.4 1.9841477024816372 0.9540000000000001 0.019841477024816364
F115W 27.900000000000027 20 100 94.95 2.1144863753590246 0.9495000000000001 0.02114486375359024
F115W 28.00000000000003 20 100 95.15 2.433861994963214 0.9515 0.02433861994963212
F115W 28.10000000000003 20 100 94.65 2.680828622881955 0.9465 0.026808286228819526
F115W 28.20000000000003 20 100 94.25 2.613225472174388 0.9424999999999999 0.026132254721743853
F115W 28.300000000000033 20 100 94.15 1.7851728502481647 0.9415000000000001 0.017851728502481626
F115W 28.400000000000034 20 100 93.6 1.930366749991743 0.9359999999999999 0.0193036674999174
F115W 28.500000000000036 20 100 93.2 3.2379330639029256 0.9319999999999998 0.032379330639029244
F115W 28.600000000000037 20 100 93.05 2.4809802816416613 0.9305 0.024809802816416586
F115W 28.70000000000004 20 100 92.85 2.158825216591069 0.9285 0.02158825216591066
F115W 28.80000000000004 20 100 90.8 2.142305693455191 0.908 0.021423056934551887
F115W 28.90000000000004 20 100 89.9 3.2589956476772017 0.899 0.03258995647677202
F115W 29.000000000000043 20 100 89.8 2.76443579472519 0.898 0.02764435794725193
F115W 29.100000000000044 20 100 87.1 3.007009355349247 0.8710000000000001 0.030070093553492473
F115W 29.200000000000045 20 100 85.1 4.610057654622919 0.851 0.0461005765462292
F115W 29.300000000000047 20 100 84.2 4.431941477857971 0.8419999999999999 0.04431941477857971
F115W 29.40000000000005 20 100 82.65 3.0655127501043986 0.8264999999999999 0.030655127501043964
F115W 29.50000000000005 20 100 79.7 4.268612494895613 0.797 0.04268612494895612
F115W 29.60000000000005 20 100 76.25 4.203695116392119 0.7625 0.0420369511639212
F115W 29.700000000000053 20 100 74.45 3.1867323637065508 0.7445 0.03186732363706553
F115W 29.800000000000054 20 100 68.8 4.0859193386685035 0.6880000000000001 0.040859193386685026
F115W 29.900000000000055 20 100 66.7 3.728976154106478 0.667 0.03728976154106476
F115W 30.000000000000057 20 100 63.25 4.351345829317154 0.6325 0.043513458293171554
F115W 30.10000000000006 20 100 60.1 6.3486426232616635 0.601 0.06348642623261663
F115W 30.20000000000006 20 100 54.95 5.529585498884495 0.5494999999999999 0.055295854988844935
F115W 30.30000000000006 20 100 50.35 6.360031446463138 0.5035 0.06360031446463138
F115W 30.400000000000063 20 100 48.05 4.86096156829295 0.48049999999999987 0.048609615682929506
F115W 30.500000000000064 20 100 42.6 4.500292388161837 0.42600000000000005 0.045002923881618376
F115W 30.600000000000065 20 100 38.75 3.446966629860002 0.3875 0.03446966629860002
F115W 30.700000000000067 20 100 31.75 4.387482193696061 0.31749999999999995 0.043874821936960615
F115W 30.800000000000068 20 100 30.3 4.268612494895613 0.303 0.04268612494895613
F115W 30.90000000000007 20 100 24.9 5.848076606885378 0.24899999999999997 0.05848076606885377
F115W 31.00000000000007 20 100 20.75 4.115119746291205 0.20750000000000002 0.04115119746291205
F115W 31.100000000000072 20 100 17.0 3.008759142727674 0.17 0.03008759142727674
F115W 31.200000000000074 20 100 16.7 3.4504004344271024 0.16700000000000004 0.03450400434427102
F115W 31.300000000000075 20 100 12.4 3.201973075924807 0.124 0.03201973075924806
F115W 31.400000000000077 20 100 10.4 2.5422741580594415 0.10399999999999998 0.025422741580594415
F115W 31.500000000000078 20 100 9.2 2.706716791515818 0.092 0.027067167915158178
F115W 31.60000000000008 20 100 8.15 2.2307657406087458 0.0815 0.022307657406087453
F115W 31.70000000000008 20 100 5.9 2.2219005615155596 0.05900000000000001 0.022219005615155597
F115W 31.800000000000082 20 100 5.7 2.677390717215472 0.056999999999999995 0.026773907172154717
F115W 31.900000000000084 20 100 4.2 1.823819012257983 0.04200000000000001 0.01823819012257983
F115W 32.000000000000085 20 100 4.05 1.9594574974238474 0.040499999999999994 0.019594574974238475
F150W 26.0 20 100 97.1 1.9166857359844667 0.9710000000000001 0.019166857359844653
F150W 26.1 20 100 96.45 2.7810448623342614 0.9644999999999999 0.027810448623342605
F150W 26.200000000000003 20 100 96.7 1.5927467172350904 0.967 0.015927467172350922
F150W 26.300000000000004 20 100 96.8 1.6415653633362464 0.968 0.01641565363336248
F150W 26.400000000000006 20 100 97.05 1.3945382182304158 0.9705 0.013945382182304173
F150W 26.500000000000007 20 100 96.75 1.9159991209755154 0.9674999999999999 0.01915999120975516
F150W 26.60000000000001 20 100 96.85 1.8715318802914818 0.9685 0.01871531880291482
F150W 26.70000000000001 20 100 97.0 1.8064212949190015 0.97 0.018064212949190018
F150W 26.80000000000001 20 100 96.55 1.7614288458371994 0.9655000000000001 0.017614288458371995
F150W 26.900000000000013 20 100 96.35 1.3869694338832113 0.9635 0.013869694338832112
F150W 27.000000000000014 20 100 97.2 1.908430051942668 0.9720000000000001 0.019084300519426688
F150W 27.100000000000016 20 100 96.15 2.1830688201896455 0.9614999999999998 0.021830688201896452
F150W 27.200000000000017 20 100 96.15 1.6630662866176473 0.9614999999999998 0.01663066286617648
F150W 27.30000000000002 20 100 96.05 1.2763022245616642 0.9604999999999999 0.012763022245616639
F150W 27.40000000000002 20 100 96.4 2.3708759207472134 0.9640000000000001 0.023708759207472126
F150W 27.50000000000002 20 100 96.05 2.2354794611117836 0.9604999999999999 0.022354794611117827
F150W 27.600000000000023 20 100 95.1 2.4257391711220295 0.951 0.024257391711220277
F150W 27.700000000000024 20 100 96.1 1.5525869752736796 0.9610000000000001 0.015525869752736796
F150W 27.800000000000026 20 100 95.4 2.280350850198276 0.954 0.02280350850198274
F150W 27.900000000000027 20 100 95.15 1.6944180805158293 0.9515 0.01694418080515827
F150W 28.00000000000003 20 100 94.95 1.3945382182304158 0.9494999999999999 0.013945382182304131
F150W 28.10000000000003 20 100 93.75 2.29128784747792 0.9375 0.02291287847477917
F150W 28.20000000000003 20 100 93.75 2.510504247944498 0.9375 0.025105042479444957
F150W 28.300000000000033 20 100 92.75 2.881428739175649 0.9275 0.02881428739175646
F150W 28.400000000000034 20 100 92.85 3.0996604228273306 0.9285 0.030996604228273283
F150W 28.500000000000036 20 100 91.45 2.9464519251751633 0.9145 0.029464519251751614
F150W 28.600000000000037 20 100 90.9 2.531901719220056 0.909 0.02531901719220056
F150W 28.70000000000004 20 100 90.55 2.8741131355236305 0.9055000000000002 0.028741131355236305
F150W 28.80000000000004 20 100 87.4 3.4397062298063217 0.8740000000000002 0.03439706229806322
F150W 28.90000000000004 20 100 86.7 3.096687534158157 0.867 0.030966875341581598
F150W 29.000000000000043 20 100 84.8 2.820974075889763 0.8480000000000001 0.028209740758897636
F150W 29.100000000000044 20 100 81.95 2.946451925175162 0.8195 0.029464519251751604
F150W 29.200000000000045 20 100 81.7 4.268612494895613 0.817 0.04268612494895612
F150W 29.300000000000047 20 100 80.7 4.496782475457196 0.807 0.04496782475457194
F150W 29.40000000000005 20 100 77.7 3.8402302562545167 0.777 0.03840230256254518
F150W 29.50000000000005 20 100 73.8 5.454114815536306 0.738 0.05454114815536306
F150W 29.60000000000005 20 100 71.85 3.6745927092600845 0.7185 0.03674592709260084
F150W 29.700000000000053 20 100 67.85 4.463595435355484 0.6784999999999999 0.04463595435355484
F150W 29.800000000000054 20 100 65.55 5.256324511331187 0.6555 0.05256324511331187
F150W 29.900000000000055 20 100 58.65 5.264328817117795 0.5865 0.05264328817117794
F150W 30.000000000000057 20 100 56.15 4.771350906576062 0.5614999999999999 0.04771350906576062
F150W 30.10000000000006 20 100 51.2 5.86335632282578 0.512 0.05863356322825781
F150W 30.20000000000006 20 100 47.05 3.8862104393544326 0.47050000000000003 0.038862104393544324
F150W 30.30000000000006 20 100 41.9 3.823748505273189 0.41899999999999993 0.03823748505273189
F150W 30.400000000000063 20 100 38.3 5.027293925217255 0.38299999999999995 0.05027293925217254
F150W 30.500000000000064 20 100 32.95 3.3320611607453077 0.32949999999999996 0.03332061160745308
F150W 30.600000000000065 20 100 26.85 5.132712425424326 0.2685 0.05132712425424325
F150W 30.700000000000067 20 100 25.45 4.135532804723881 0.2545 0.041355328047238814
F150W 30.800000000000068 20 100 22.1 5.3596936283218355 0.221 0.053596936283218356
F150W 30.90000000000007 20 100 19.7 4.713921152456726 0.197 0.047139211524567265
F150W 31.00000000000007 20 100 16.6 2.5422741580594415 0.166 0.025422741580594415
F150W 31.100000000000072 20 100 13.1 3.768288736283354 0.131 0.03768288736283354
F150W 31.200000000000074 20 100 11.2 2.5256578090511494 0.11200000000000002 0.0252565780905115
F150W 31.300000000000075 20 100 10.05 2.964260802504253 0.1005 0.02964260802504253
F150W 31.400000000000077 20 100 7.3 2.202868942753374 0.07300000000000002 0.02202868942753374
F150W 31.500000000000078 20 100 6.8 2.4192212753171978 0.06800000000000002 0.024192212753171977
F150W 31.60000000000008 20 100 5.6 2.186080366414065 0.056000000000000015 0.02186080366414065
F150W 31.70000000000008 20 100 5.35 1.6630662866176473 0.05350000000000001 0.016630662866176475
F150W 31.800000000000082 20 100 3.85 1.9808291724745766 0.038500000000000006 0.019808291724745766
F150W 31.900000000000084 20 100 3.75 1.3717065820970682 0.03750000000000001 0.013717065820970683
F150W 32.000000000000085 20 100 4.35 1.9808291724745768 0.043500000000000004 0.019808291724745766
F200W 26.0 20 100 93.35 2.084403234046921 0.9335000000000001 0.020844032340469176
F200W 26.1 20 100 93.6 2.8910023757932306 0.9360000000000002 0.028910023757932293
F200W 26.200000000000003 20 100 93.85 2.3902213066443956 0.9385 0.023902213066443932
F200W 26.300000000000004 20 100 93.15 2.739093203771527 0.9315 0.027390932037715247
F200W 26.400000000000006 20 100 93.3 2.556724878680371 0.933 0.02556724878680369
F200W 26.500000000000007 20 100 92.65 3.2488864489074927 0.9265000000000001 0.03248886448907491
F200W 26.60000000000001 20 100 92.95 1.932410548076104 0.9295000000000002 0.019324105480761012
F200W 26.70000000000001 20 100 92.95 2.4809802816416613 0.9295 0.024809802816416586
F200W 26.80000000000001 20 100 92.2 2.3753116139062462 0.9220000000000003 0.023753116139062447
F200W 26.900000000000013 20 100 93.35 2.3680993933621335 0.9335000000000001 0.02368099393362131
F200W 27.000000000000014 20 100 93.2 2.284962282309918 0.932 0.022849622823099148
F200W 27.100000000000016 20 100 92.5 2.481510575605533 0.9250000000000002 0.02481510575605531
F200W 27.200000000000017 20 100 92.9 1.99736668746891 0.929 0.019973666874689072
F200W 27.30000000000002 20 100 90.9 2.573140616363386 0.909 0.025731406163633848
F200W 27.40000000000002 20 100 92.95 2.4165002967536595 0.9295 0.024165002967536573
F200W 27.50000000000002 20 100 92.6 2.479388719231543 0.9260000000000002 0.02479388719231541
F200W 27.600000000000023 20 100 92.65 2.852053738328889 0.9265000000000001 0.028520537383288868
F200W 27.700000000000024 20 100 92.3 2.8302873203598033 0.923 0.02830287320359802
F200W 27.800000000000026 20 100 91.5 2.982404540317303 0.915 0.02982404540317301
F200W 27.900000000000027 20 100 91.1 2.8078836383147694 0.9109999999999999 0.02807883638314769
F200W 28.00000000000003 20 100 90.95 3.203205631205945 0.9094999999999999 0.03203205631205944
F200W 28.10000000000003 20 100 90.1 3.5673962198603175 0.901 0.03567396219860318
F200W 28.20000000000003 20 100 90.7 3.3419187681078633 0.907 0.03341918768107864
F200W 28.300000000000033 20 100 89.55 3.0517466957034367 0.8955000000000002 0.030517466957034375
F200W 28.400000000000034 20 100 89.4 3.03315017762062 0.8940000000000001 0.03033150177620621
F200W 28.500000000000036 20 100 88.1 3.354494235938909 0.881 0.0335449423593891
F200W 28.600000000000037 20 100 87.2 3.650522673463854 0.8720000000000001 0.03650522673463856
F200W 28.70000000000004 20 100 85.75 3.4773704523904114 0.8575000000000002 0.034773704523904124
F200W 28.80000000000004 20 100 85.45 3.203205631205945 0.8544999999999998 0.03203205631205946
F200W 28.90000000000004 20 100 83.05 4.186129980127984 0.8305 0.04186129980127983
F200W 29.000000000000043 20 100 80.55 3.300318963851509 0.8055 0.03300318963851507
F200W 29.100000000000044 20 100 77.0 3.2606102108912713 0.7699999999999999 0.03260610210891271
F200W 29.200000000000045 20 100 74.6 4.109040097920169 0.7460000000000001 0.0410904009792017
F200W 29.300000000000047 20 100 72.8 4.8839155990810665 0.728 0.04883915599081066
F200W 29.40000000000005 20 100 69.1 4.800219293236289 0.6910000000000001 0.048002192932362873
F200W 29.50000000000005 20 100 65.2 4.916138835776668 0.652 0.04916138835776669
F200W 29.60000000000005 20 100 62.65 5.640781954005276 0.6265 0.05640781954005276
F200W 29.700000000000053 20 100 56.05 5.853249210121629 0.5605 0.05853249210121628
F200W 29.800000000000054 20 100 55.4 5.374403271649402 0.554 0.05374403271649401
F200W 29.900000000000055 20 100 48.3 5.956862473342471 0.483 0.05956862473342472
F200W 30.000000000000057 20 100 45.8 5.094889079935117 0.458 0.050948890799351186
F200W 30.10000000000006 20 100 40.4 5.94182321833078 0.404 0.05941823218330779
F200W 30.20000000000006 20 100 34.6 5.25557348265429 0.346 0.0525557348265429
F200W 30.30000000000006 20 100 32.55 3.9132030224276426 0.3255 0.039132030224276436
F200W 30.400000000000063 20 100 26.5 4.223991626785959 0.265 0.0422399162678596
F200W 30.500000000000064 20 100 23.95 3.3635038122078655 0.23950000000000005 0.03363503812207865
F200W 30.600000000000065 20 100 21.1 3.9054617625765284 0.211 0.03905461762576529
F200W 30.700000000000067 20 100 16.7 4.0535884037934125 0.16699999999999998 0.040535884037934115
F200W 30.800000000000068 20 100 13.3 2.8302873203598033 0.133 0.02830287320359803
F200W 30.90000000000007 20 100 12.35 3.3915529745158586 0.12349999999999998 0.03391552974515859
F200W 31.00000000000007 20 100 11.5 3.332456024900364 0.11500000000000002 0.03332456024900364
F200W 31.100000000000072 20 100 8.05 2.3050288273114594 0.0805 0.023050288273114596
F200W 31.200000000000074 20 100 6.95 2.6650762801367183 0.0695 0.026650762801367186
F200W 31.300000000000075 20 100 6.15 2.207046132634963 0.06150000000000001 0.02207046132634963
F200W 31.400000000000077 20 100 6.5 2.2594829403858614 0.06500000000000002 0.022594829403858614
F200W 31.500000000000078 20 100 5.1 1.7740824166460338 0.05100000000000001 0.01774082416646034
F200W 31.60000000000008 20 100 4.8 1.9358120830939742 0.04800000000000001 0.019358120830939744
F200W 31.70000000000008 20 100 3.75 1.7129537431920892 0.03750000000000001 0.01712953743192089
F200W 31.800000000000082 20 100 3.55 1.394538218230416 0.03550000000000001 0.013945382182304159
F200W 31.900000000000084 20 100 3.9 2.149663376340339 0.039 0.021496633763403394
F200W 32.000000000000085 20 100 3.1 2.1001253095445223 0.031000000000000007 0.02100125309544522
F277W 26.0 20 100 96.0 2.1026299321513875 0.96 0.02102629932151386
F277W 26.1 20 100 95.6 2.036508880671192 0.9560000000000001 0.020365088806711906
F277W 26.200000000000003 20 100 96.5 2.013114894621608 0.9649999999999999 0.02013114894621609
F277W 26.300000000000004 20 100 96.7 2.0799797569865155 0.967 0.020799797569865153
F277W 26.400000000000006 20 100 96.25 1.5852942612451615 0.9625 0.015852942612451612
F277W 26.500000000000007 20 100 96.0 2.0261449005179113 0.96 0.020261449005179098
F277W 26.60000000000001 20 100 95.9 1.9439514830419644 0.959 0.01943951483041964
F277W 26.70000000000001 20 100 95.8 2.092593455122388 0.958 0.02092593455122387
F277W 26.80000000000001 20 100 96.6 2.3929721664644754 0.9659999999999999 0.02392972166464476
F277W 26.900000000000013 20 100 95.55 2.282081229238369 0.9555 0.022820812292383683
F277W 27.000000000000014 20 100 95.95 2.139232523470435 0.9594999999999999 0.021392325234704343
F277W 27.100000000000016 20 100 94.85 2.007223796297028 0.9484999999999999 0.020072237962970262
F277W 27.200000000000017 20 100 95.2 2.6872016358247004 0.9520000000000002 0.02687201635824699
F277W 27.30000000000002 20 100 95.75 2.593006789525688 0.9574999999999999 0.025930067895256866
F277W 27.40000000000002 20 100 95.15 2.158825216591069 0.9514999999999999 0.021588252165910673
F277W 27.50000000000002 20 100 95.6 1.984147702481637 0.9559999999999998 0.01984147702481636
F277W 27.600000000000023 20 100 94.9 2.245463262482353 0.9490000000000002 0.02245463262482351
F277W 27.700000000000024 20 100 94.6 2.4148662379867796 0.946 0.024148662379867784
F277W 27.800000000000026 20 100 94.45 2.394621165511528 0.9445000000000002 0.023946211655115256
F277W 27.900000000000027 20 100 93.95 2.625281939746262 0.9395 0.026252819397462594
F277W 28.00000000000003 20 100 94.35 2.412140346794021 0.9435 0.024121403467940183
F277W 28.10000000000003 20 100 93.35 2.4978938496682614 0.9335000000000001 0.024978938496682583
F277W 28.20000000000003 20 100 92.95 2.6650762801367187 0.9295000000000002 0.026650762801367165
F277W 28.300000000000033 20 100 93.35 2.6611236249690506 0.9335000000000001 0.026611236249690487
F277W 28.400000000000034 20 100 91.55 2.5021043774769813 0.9155 0.02502104377476981
F277W 28.500000000000036 20 100 92.3 3.326132573235295 0.9229999999999998 0.03326132573235293
F277W 28.600000000000037 20 100 89.35 2.852053738328889 0.8935000000000001 0.02852053738328889
F277W 28.70000000000004 20 100 88.9 2.100125309544522 0.889 0.021001253095445236
F277W 28.80000000000004 20 100 85.0 3.1455900626281967 0.8500000000000002 0.03145590062628198
F277W 28.90000000000004 20 100 84.6 3.545196898993281 0.8459999999999999 0.03545196898993282
F277W 29.000000000000043 20 100 81.35 3.9239480655396846 0.8135 0.039239480655396834
F277W 29.100000000000044 20 100 78.95 4.071402189599264 0.7895000000000001 0.040714021895992644
F277W 29.200000000000045 20 100 76.4 3.7190830788473144 0.764 0.03719083078847317
F277W 29.300000000000047 20 100 70.05 5.31606304663418 0.7005 0.0531606304663418
F277W 29.40000000000005 20 100 65.75 6.163346664375059 0.6575 0.061633466643750585
F277W 29.50000000000005 20 100 60.25 4.411408654363079 0.6024999999999999 0.04411408654363078
F277W 29.60000000000005 20 100 56.4 5.752802520694176 0.5640000000000001 0.05752802520694176
F277W 29.700000000000053 20 100 51.95 5.165421468512363 0.5195000000000001 0.05165421468512364
F277W 29.800000000000054 20 100 44.25 5.972524812135898 0.4425 0.05972524812135899
F277W 29.900000000000055 20 100 39.95 4.322219215561425 0.3995 0.04322219215561425
F277W 30.000000000000057 20 100 33.55 4.762518130922802 0.3355 0.04762518130922802
F277W 30.10000000000006 20 100 30.65 4.428080254110364 0.3065 0.04428080254110364
F277W 30.20000000000006 20 100 26.6 4.284611386910382 0.26599999999999996 0.042846113869103815
F277W 30.30000000000006 20 100 24.0 5.301439725008174 0.24000000000000005 0.05301439725008174
F277W 30.400000000000063 20 100 18.6 4.935371793172435 0.186 0.04935371793172436
F277W 30.500000000000064 20 100 17.4 4.284611386910382 0.174 0.04284611386910382
F277W 30.600000000000065 20 100 14.9 3.78222991869806 0.14900000000000002 0.0378222991869806
F277W 30.700000000000067 20 100 11.4 3.1854934344701817 0.11400000000000002 0.03185493434470181
F277W 30.800000000000068 20 100 10.0 2.635786110641877 0.10000000000000002 0.026357861106418766
F277W 30.90000000000007 20 100 9.25 2.197486602557807 0.09250000000000001 0.021974866025578067
F277W 31.00000000000007 20 100 8.0 3.2606102108912713 0.08000000000000003 0.03260610210891271
F277W 31.100000000000072 20 100 6.85 2.2542357790099112 0.06850000000000002 0.02254235779009911
F277W 31.200000000000074 20 100 6.15 2.3457688673327066 0.06150000000000001 0.023457688673327065
F277W 31.300000000000075 20 100 5.35 2.1343062474478063 0.05349999999999999 0.021343062474478064
F277W 31.400000000000077 20 100 4.05 2.54382637606794 0.040499999999999994 0.025438263760679397
F277W 31.500000000000078 20 100 3.65 1.6630662866176473 0.03650000000000001 0.016630662866176475
F277W 31.60000000000008 20 100 3.9 1.8324559303956274 0.039000000000000014 0.018324559303956277
F277W 31.70000000000008 20 100 2.65 1.268027892769755 0.026500000000000003 0.01268027892769755
F277W 31.800000000000082 20 100 3.35 1.3869694338832113 0.03350000000000001 0.013869694338832112
F277W 31.900000000000084 20 100 2.8 1.5761378513048243 0.028000000000000004 0.015761378513048246
F277W 32.000000000000085 20 100 2.45 1.6375527311718607 0.0245 0.01637552731171861
F356W 26.0 20 100 93.35 2.5188761069384227 0.9334999999999999 0.025188761069384197
F356W 26.1 20 100 93.6 2.702825032793417 0.9360000000000002 0.027028250327934152
F356W 26.200000000000003 20 100 94.45 2.3725402775129134 0.9445000000000002 0.023725402775129117
F356W 26.300000000000004 20 100 93.05 2.211810403980842 0.9305000000000001 0.022118104039808392
F356W 26.400000000000006 20 100 94.05 2.910507280798134 0.9405000000000001 0.02910507280798133
F356W 26.500000000000007 20 100 94.35 2.412140346794021 0.9434999999999999 0.02412140346794019
F356W 26.60000000000001 20 100 94.35 2.1343062474478063 0.9435 0.021343062474478036
F356W 26.70000000000001 20 100 92.35 2.539685019840059 0.9235 0.02539685019840057
F356W 26.80000000000001 20 100 92.95 2.139232523470435 0.9295 0.021392325234704315
F356W 26.900000000000013 20 100 92.45 3.068944615438927 0.9245000000000001 0.030689446154389247
F356W 27.000000000000014 20 100 92.75 2.197486602557807 0.9274999999999999 0.021974866025578042
F356W 27.100000000000016 20 100 92.75 2.3141441523584345 0.9275 0.023141441523584324
F356W 27.200000000000017 20 100 92.65 2.719810364906464 0.9265000000000001 0.02719810364906462
F356W 27.30000000000002 20 100 93.0 2.051956704170308 0.9299999999999999 0.020519567041703057
F356W 27.40000000000002 20 100 91.8 2.7834094957538373 0.9179999999999999 0.027834094957538354
F356W 27.50000000000002 20 100 92.2 2.6675437154214006 0.922 0.026675437154213995
F356W 27.600000000000023 20 100 92.0 2.7338039817306425 0.9200000000000002 0.027338039817306405
F356W 27.700000000000024 20 100 90.65 2.4978938496682614 0.9065 0.02497893849668262
F356W 27.800000000000026 20 100 91.55 2.54382637606794 0.9155000000000001 0.025438263760679383
F356W 27.900000000000027 20 100 90.5 2.2124052165246 0.9049999999999999 0.02212405216524601
F356W 28.00000000000003 20 100 90.25 2.826100158391977 0.9024999999999999 0.028261001583919778
F356W 28.10000000000003 20 100 89.0 3.641861872001304 0.8900000000000002 0.036418618720013035
F356W 28.20000000000003 20 100 88.55 3.471310991541957 0.8855000000000001 0.03471310991541957
F356W 28.300000000000033 20 100 87.25 3.1434978841043333 0.8724999999999999 0.03143497884104336
F356W 28.400000000000034 20 100 85.2 3.7919582498256825 0.852 0.03791958249825682
F356W 28.500000000000036 20 100 84.25 4.5523273400016295 0.8424999999999999 0.04552327340001628
F356W 28.600000000000037 20 100 80.65 3.216323497738569 0.8065 0.03216323497738567
F356W 28.70000000000004 20 100 78.9 3.7120004537204805 0.7889999999999999 0.0371200045372048
F356W 28.80000000000004 20 100 74.9 2.826565704916573 0.749 0.028265657049165758
F356W 28.90000000000004 20 100 69.0 5.693948773178325 0.69 0.05693948773178325
F356W 29.000000000000043 20 100 61.4 5.174837907453822 0.614 0.05174837907453822
F356W 29.100000000000044 20 100 59.8 5.434780778031729 0.598 0.05434780778031728
F356W 29.200000000000045 20 100 53.2 5.237516486596335 0.532 0.05237516486596335
F356W 29.300000000000047 20 100 44.8 4.11160104556543 0.44800000000000006 0.0411160104556543
F356W 29.40000000000005 20 100 41.75 4.8108977168617155 0.4175000000000001 0.04810897716861715
F356W 29.50000000000005 20 100 34.5 5.558303414001908 0.345 0.05558303414001908
F356W 29.60000000000005 20 100 30.9 3.8099592482970484 0.30900000000000005 0.038099592482970485
F356W 29.700000000000053 20 100 27.45 3.1701734968294715 0.27449999999999997 0.03170173496829471
F356W 29.800000000000054 20 100 23.0 4.8666426339228765 0.23000000000000004 0.04866642633922876
F356W 29.900000000000055 20 100 20.55 4.547700402111865 0.20550000000000007 0.04547700402111865
F356W 30.000000000000057 20 100 15.7 4.736198786724268 0.15699999999999997 0.047361987867242675
F356W 30.10000000000006 20 100 13.55 3.017056774233353 0.1355 0.030170567742333537
F356W 30.20000000000006 20 100 13.25 3.5373942238230733 0.1325 0.03537394223823073
F356W 30.30000000000006 20 100 11.5 2.5026301953618404 0.11500000000000002 0.025026301953618407
F356W 30.400000000000063 20 100 9.7 2.556724878680371 0.097 0.025567248786803713
F356W 30.500000000000064 20 100 8.85 2.3902213066443956 0.08850000000000001 0.02390221306644396
F356W 30.600000000000065 20 100 7.7 3.163941579073399 0.07700000000000001 0.031639415790733996
F356W 30.700000000000067 20 100 6.75 2.33677690757793 0.06750000000000002 0.023367769075779303
F356W 30.800000000000068 20 100 5.65 2.1095023109728985 0.05650000000000001 0.021095023109728987
F356W 30.90000000000007 20 100 4.15 1.9269556026896009 0.0415 0.019269556026896006
F356W 31.00000000000007 20 100 4.3 1.4545753585442767 0.043000000000000003 0.014545753585442767
F356W 31.100000000000072 20 100 4.85 2.3902213066443956 0.04850000000000001 0.023902213066443957
F356W 31.200000000000074 20 100 3.25 1.7733405882980469 0.03250000000000001 0.01773340588298047
F356W 31.300000000000075 20 100 3.5 2.164303704731799 0.03500000000000001 0.021643037047317987
F356W 31.400000000000077 20 100 3.95 1.820208200931103 0.0395 0.01820208200931103
F356W 31.500000000000078 20 100 3.2 1.3218806379747876 0.03200000000000001 0.013218806379747875
F356W 31.60000000000008 20 100 3.15 2.1095023109728985 0.03150000000000001 0.021095023109728987
F356W 31.70000000000008 20 100 2.45 1.2763022245616642 0.0245 0.01276302224561664
F356W 31.800000000000082 20 100 2.6 1.5694450913417908 0.026000000000000002 0.01569445091341791
F356W 31.900000000000084 20 100 2.2 1.2814465510343749 0.022000000000000002 0.01281446551034375
F356W 32.000000000000085 20 100 1.95 1.2763022245616642 0.0195 0.01276302224561664
F444W 26.0 20 100 95.7 2.202868942753374 0.9570000000000001 0.022028689427533728
F444W 26.1 20 100 94.95 1.8771478925557026 0.9495000000000001 0.018771478925557004
F444W 26.200000000000003 20 100 96.05 2.114486375359025 0.9604999999999999 0.021144863753590246
F444W 26.300000000000004 20 100 95.8 1.8806493839265088 0.958 0.01880649383926508
F444W 26.400000000000006 20 100 94.0 2.53397960362331 0.9400000000000001 0.02533979603623308
F444W 26.500000000000007 20 100 95.55 1.731290969494334 0.9555000000000001 0.017312909694943326
F444W 26.60000000000001 20 100 95.3 2.8116299823936184 0.9530000000000001 0.02811629982393616
F444W 26.70000000000001 20 100 94.95 1.3168942730211068 0.9495000000000001 0.013168942730211049
F444W 26.80000000000001 20 100 95.5 1.3954814298487213 0.9549999999999998 0.013954814298487194
F444W 26.900000000000013 20 100 94.65 2.433861994963214 0.9464999999999998 0.024338619949632122
F444W 27.000000000000014 20 100 95.2 1.673320053068151 0.9520000000000002 0.016733200530681495
F444W 27.100000000000016 20 100 94.35 2.207046132634963 0.9435 0.022070461326349607
F444W 27.200000000000017 20 100 93.95 2.5848750351551657 0.9395 0.02584875035155164
F444W 27.30000000000002 20 100 92.75 2.0742785683093214 0.9275 0.020742785683093182
F444W 27.40000000000002 20 100 93.1 3.059067625411721 0.931 0.03059067625411719
F444W 27.50000000000002 20 100 92.8 2.0925934551223877 0.9279999999999999 0.02092593455122385
F444W 27.600000000000023 20 100 91.8 2.353049533108719 0.9179999999999999 0.02353049533108717
F444W 27.700000000000024 20 100 90.15 3.631369177770715 0.9015000000000001 0.036313691777707144
F444W 27.800000000000026 20 100 89.15 2.978431236671236 0.8915000000000001 0.02978431236671236
F444W 27.900000000000027 20 100 87.0 4.0 0.8699999999999999 0.040000000000000015
F444W 28.00000000000003 20 100 81.65 3.717313687682488 0.8164999999999999 0.03717313687682487
F444W 28.10000000000003 20 100 80.45 4.211200603903332 0.8045000000000002 0.04211200603903332
F444W 28.20000000000003 20 100 75.5 4.273541610273245 0.7550000000000001 0.04273541610273247
F444W 28.300000000000033 20 100 69.9 6.4310103978179125 0.6990000000000001 0.06431010397817911
F444W 28.400000000000034 20 100 64.6 3.4701736646971852 0.646 0.03470173664697186
F444W 28.500000000000036 20 100 58.65 4.132986686086518 0.5865 0.04132986686086518
F444W 28.600000000000037 20 100 50.6 4.92469609000874 0.506 0.049246960900087414
F444W 28.70000000000004 20 100 47.05 3.7059695797882357 0.47050000000000003 0.03705969579788235
F444W 28.80000000000004 20 100 40.7 4.7583721232326806 0.4069999999999999 0.047583721232326806
F444W 28.90000000000004 20 100 34.65 5.714938872445572 0.3465000000000001 0.05714938872445573
F444W 29.000000000000043 20 100 31.0 4.304220694791763 0.31 0.043042206947917626
F444W 29.100000000000044 20 100 26.6 4.096211343231823 0.26599999999999996 0.040962113432318224
F444W 29.200000000000045 20 100 22.3 4.824280693588042 0.223 0.04824280693588042
F444W 29.300000000000047 20 100 18.8 3.968295404963273 0.188 0.039682954049632735
F444W 29.40000000000005 20 100 16.8 4.250077398676034 0.168 0.04250077398676033
F444W 29.50000000000005 20 100 13.4 3.283130726672493 0.134 0.03283130726672494
F444W 29.60000000000005 20 100 12.25 3.109831608235235 0.12250000000000001 0.031098316082352345
F444W 29.700000000000053 20 100 12.1 4.876366205323494 0.12100000000000002 0.048763662053234944
F444W 29.800000000000054 20 100 9.05 2.6650762801367187 0.09050000000000001 0.026650762801367182
F444W 29.900000000000055 20 100 7.75 2.863104682168054 0.07750000000000001 0.02863104682168054
F444W 30.000000000000057 20 100 6.9 2.6337885460422137 0.06900000000000003 0.026337885460422136
F444W 30.10000000000006 20 100 6.95 2.8923674513595627 0.06950000000000002 0.028923674513595624
F444W 30.20000000000006 20 100 5.1 2.221900561515559 0.05100000000000001 0.022219005615155593
F444W 30.30000000000006 20 100 5.05 2.5021043774769813 0.05050000000000001 0.02502104377476982
F444W 30.400000000000063 20 100 4.6 2.21002500581233 0.046000000000000006 0.0221002500581233
F444W 30.500000000000064 20 100 4.15 2.1830688201896455 0.0415 0.021830688201896455
F444W 30.600000000000065 20 100 3.95 2.282081229238369 0.039500000000000014 0.02282081229238369
F444W 30.700000000000067 20 100 3.05 1.3562719801759993 0.030500000000000006 0.013562719801759993
F444W 30.800000000000068 20 100 2.9 1.3726654823065194 0.029000000000000005 0.013726654823065194
F444W 30.90000000000007 20 100 2.9 1.8324559303956276 0.029000000000000005 0.018324559303956277
F444W 31.00000000000007 20 100 2.85 1.5985190514644287 0.028500000000000004 0.015985190514644285
F444W 31.100000000000072 20 100 3.55 1.8202082009311031 0.03550000000000001 0.01820208200931103
F444W 31.200000000000074 20 100 2.6 1.2732056517228265 0.026000000000000002 0.012732056517228266
F444W 31.300000000000075 20 100 2.75 1.5852942612451615 0.027500000000000004 0.015852942612451616
F444W 31.400000000000077 20 100 1.8 1.105012502906165 0.018000000000000002 0.01105012502906165
F444W 31.500000000000078 20 100 2.2 1.2814465510343749 0.022 0.012814465510343749
F444W 31.60000000000008 20 100 2.1 1.8035053587243284 0.021 0.018035053587243284
F444W 31.70000000000008 20 100 2.35 2.084403234046921 0.0235 0.02084403234046921
F444W 31.800000000000082 20 100 2.1 1.651155894963793 0.020999999999999998 0.01651155894963793
F444W 31.900000000000084 20 100 1.4 1.3917047478769187 0.014000000000000002 0.013917047478769188
F444W 32.000000000000085 20 100 1.85 1.4608937423083819 0.018500000000000003 0.014608937423083824
